[  7 145   2]
[134 217  87]
[180 107 255]
[114 160 188]
[235 219 108]
[42 99 51]
[ 11 198 112]
[22 46 16]
[123 168 220]
[ 24 248  84]
[43 59 56]
[ 46 247 135]
[152  78 110]
[ 15  22 169]
[161 188  58]
[222 121 223]
[ 13 161 116]
[67 10 99]
[107 163 132]
[107 222 100]
[228 163 223]
[252  89   5]
[210 181 127]
[146  10 148]
[154  86   0]
[255 152  96]
[177  63 255]
[233 150  35]
[208  43  77]
[ 91  86 126]
[166 142  10]
[105 240 236]
[166 218 124]
[147  88 172]
[ 64 114  91]
[148 230 119]
[251  45  67]
[100 174 133]
[ 38  74 201]
[160 222  37]
[236 152 160]
[22 84 80]
[131 245  78]
[ 60 119  56]
[103 198 118]
[ 53 200  14]
[149 217 224]
[ 33 143   4]
[ 60 147  55]
[ 68 221 119]
[195  46 199]
[28 36 34]
[102 142 190]
[223  73  41]
[195  99 202]
[214 199  18]
[ 92 223 164]
[  7 249  54]
[246 192 162]
[133 192 208]
[ 98 210  31]
[ 32  92 168]
[ 49  70 212]
[249 193 249]
[47 16 41]
[142 213  57]
[197 134 187]
[175  64 147]
[104  80 113]
[153  76 142]
[229 151  21]
[  5 189 193]
[222  94  22]
[ 41  76 110]
[245 164 176]
[ 86  53 179]
[183  86  46]
[  1 139 220]
[ 17 191  28]
[151  88  21]
[ 48 134 162]
[ 64 157 108]
[109 107 114]
[78 33 58]
[ 0 79 61]
[214 155  37]
[ 17  15 219]
[131 205  30]
[219 245  11]
[ 18 100   4]
[143  43 150]
[133 168 109]
[ 55  95 100]
[140 167  40]
[229 125  49]
[111  98  67]
[215  74 188]
[176   0 204]
[ 44 167 146]
[ 90 121 199]
[ 74  37 245]
[151 161  97]
[ 99 205 117]
[215  80  26]
[131 216 171]
[ 76 128 218]
[187 140 160]
[ 0 90 47]
[154 240 113]
[196  17 181]
[138 101 233]
[ 59 220 250]
[236  63 142]
[108  97 177]
[192 202  18]
[162 175 113]
[144 126  92]
[ 31  89 239]
[155 177  65]
[137 194 222]
[186 126  19]
[231 214 240]
[167  58 118]
[249 137 167]
[206 100 152]
[157  26 255]
[ 18 208  58]
[170 210  45]
[202 158 203]
[157 188 197]
[202 157 227]
[133 243   2]
[152 198  50]
[ 95 166 188]
[117  22 227]
[138 156 175]
[ 32 173  36]
[ 77 192 242]
[170  17  37]
[ 91 192 234]
[205  78  82]
[216 230 176]
[149 107  61]
[ 49  39 104]
[ 26 123  65]
[134  40 125]
[66 51 19]
[ 30 176  58]
[229 222 211]
[172 106 237]
[102 143 154]
[ 68   6 227]
[200 165 239]
[227  98  17]
[191 243 194]
[122  73  86]
[239  57  82]
[ 45 130 204]
[ 13  63 234]
[103 212 220]
[184 241 159]
[ 52 217  94]
[  7  76 213]
[213 181 170]
[ 27  79 248]
[114  66 205]
[  1 195 220]
[ 73  99 111]
[132 153 101]
[ 32 161 243]
[198 184 169]
[192 120  46]
[138 211  62]
[ 92 123 185]
[153 177 173]
[200  94 165]
[ 61 125 240]
[233 163   1]
[ 84 133  88]
[150  77 211]
[244 157  21]
[109  46 139]
[218 135 129]
[ 73 187 236]
[197 197 125]
[ 49 246  51]
[141  25 221]
[  2 185  33]
[75 88 20]
[ 47   0 232]
[175 191  92]
[ 97 244 121]
[122 233   3]
[ 81 221 171]
[228  77 169]
[ 6 39 99]
[  3   4 122]
[32 55 33]
[ 22 174  89]
[196 253 201]
[169 207 170]
[136  54  64]
[246 219 201]
[221 216  82]
[52 48 47]
[243  14 104]
[218 207  85]
[101  55 127]
[ 51 201 172]
[112 125 229]
[99 91 13]
[82 77 10]
[161  19 150]
[12 21 76]
[129 239 115]
[113 166 124]
[ 52 217 228]
[ 74 139 124]
[ 85 143  56]
[234 161  83]
[255 142  49]
[171  41 149]
[182  46  35]
[178 108   4]
[245  21   1]
[172 128  70]
[ 5 59 76]
[240 245  47]
[68 96 16]
[ 72  67 128]
[93 58 87]
[ 81  27 255]
[253  60 122]
[135  56  24]
[106 104 202]
[ 42  30 159]
[37 87 72]
[219 198  99]
[  9 167 171]
[213 176 157]
[152 255 158]
[250 111 234]
[232 220 120]
[  9 182  18]
[235 195 166]
[120  93  82]
[ 59 127  62]
[ 27   6 162]
[111  27 118]
[  7 126 196]
